   10 MODE7
   20 HIMEM=&5800
   30 *TV255
   40 VDU23,1,0;0;0;0;
   50 VDU23,128,223,222,223,222,222,223,223,192
   60 VDU23,129,251,123,251,123,123,251,251,3
   70 VDU23,130,127,191,219,235,243,195,255,192
   80 VDU23,131,255,255,255,255,255,255,255,3
   90 VDU23,132,15,63,95,111,247,251,255,192
  100 VDU23,133,224,240,240,252,255,254,254,254
  110 VDU23,134,244,239,207,63,247,251,253,255
  120 VDU23,135,254,254,254,255,252,240,240,224
  130 VDU23,136,255,253,251,247,63,207,239,244
  140 VDU23,137,252,252,254,254,254,254,254,254
  150 VDU23,138,63,63,127,127,127,127,127,127
  160 VDU23,139,252,243,247,239,239,247,243,252
  170 VDU23,140,63,207,239,247,247,239,207,63
  180 VDU23,141,240,248,240,192,252,224,225,135
  190 VDU23,142,3,3,7,15,3,1,31,255
  200 VDU23,143,255,255,255,252,248,248,192,224
  210 VDU23,144,255,255,255,15,15,31,3,3
  220 VDU23,145,118,190,198,241,255,255,255,255
  230 VDU23,146,126,125,163,143,255,255,255,255
  240 VDU23,147,255,255,255,241,206,186,118,109
  250 VDU23,148,255,255,255,143,179,153,110,246
  260 VDU23,149,195,224,255,255,255,255,255,255
  270 VDU23,150,111,247,231,223,220,219,231,255
  280 VDU23,151,223,175,119,59,83,107,107,171
  290 VDU23,152,255,255,255,255,255,255,255,159
  300 VDU23,153,170,85,170,85,170,85,170,85
  310 VDU23,154,182,213,201,156,221,201,182,247
  320 VDU23,155,207,177,118,8,223,237,190,219
  330 VDU23,156,143,199,227,143,199,243,249,254
  340 VDU23,157,119,189,247,189,223,247,189,238
  350 dummy=RND(-TIME)
  360 ON ERROR GOTO380
  370 *MOUSE ON
  380 ON ERROR OFF
  390 *FX4,2
  400 *FX11,0
  410 *FX16,2
  420 *FX200,2
  430 */LION2
  440 */LION3

